SM_AlterCeiling_ba01_0
0.01
0.01
0.01
0
4.71239
0
-8.81848
10.3513
-0.532378
SM_Armybed_ba01_0
0.01
0.01
0.01
0
0.6
0
-9.73368
0.772775
-6.25755
SM_Ceiling_a_ba01_0
1
0.01
1
0
0
0
-0.8
0
0
SM_Ceiling_a_ba01_1
0.009
0.01
0.012
-44.507
0
0
-8.24409
9.29548
-6.61185
SM_Ceiling_a_ba01_2
0.009
0.01
0.012
-0.5
0
0
-5.60973
9.4
-6.71546
SM_Ceiling_a_ba01_3
0.008
0.01
0.011
0.7
0
0
-7.87514
9.52141
4.99411
SM_Ceiling_a_ba01_4
0.009
0.01
0.011
0.7
0
0
-5.40771
9.51075
5.08031
SM_Ceiling_a_ba01_5
0.01
0.01
0.01
0
0
0
0
0
0
SM_Ceiling_b_ba01_0
0.01
0.01
0.01
0
-3.1
0.523599
-14.1494
9.3
-0.550696
SM_Ceiling_b_ba01_1
0.01
0.01
0.01
-6.52958
179.5
0.523599
-13.5702
9.2
1.72434
SM_Ceiling_b_ba01_2
0.01
0.01
0.01
-1476.95
5156.12
1847.92
-12.0615
9.3
3.57448
SM_Ceiling_b_ba01_3
0.01
0.01
0.01
0.2
-3.5
0.6
-13.7621
9.3
-2.79731
SM_Ceiling_b_ba01_4
0.01
0.01
0.01
0.5
5160.92
25.9
-12.3398
9.33
-4.68069
SM_Ceiling_b_ba01_5
0.011
0.01
0.01
26.2183
121.551
32.6
-10.2869
9.3
-5.9165
SM_Ceiling_b_ba01_6
0.01
0.01
0.01
-64.155
-2.3
1.4
-10.0736
9.3
4.84348
SM_ClusterdPillar_ba01_0
0.01
0.01
0.01
0
0
0
-4.45
0.073175
7.00802
SM_ClusterdPillar_ba01_1
0.01
0.01
0.01
0
0
0
-4.45
0.05823
-8.70537
SM_FLstone_a_ba01_0
0.01
0.01
0.01
0
0.785398
0
2.8
0
2.8
SM_FLstone_a_ba01_1
0.01
0.01
0.01
0
0.785398
0
-2.8
0
2.8
SM_FLstone_a_ba01_10
0.01
0.01
0.01
0
0.785398
0
-8.9
0.7
0.35
SM_FLstone_a_ba01_11
0.01
0.01
0.01
0
2.35619
0
-11.7
0.7
-2.36887
SM_FLstone_a_ba01_12
0.01
0.01
0.01
0
2.35619
0
-11.6831
0.7
3.21892
SM_FLstone_a_ba01_13
0.01
0.01
0.01
0
2.35619
0
-11.6029
0.7
8.77204
SM_FLstone_a_ba01_14
0.01
0.01
0.01
0
0.785398
0
0
0
0
SM_FLstone_a_ba01_15
0.01
0.01
0.01
0
2.35619
0
-14.4907
0.7
-5.22141
SM_FLstone_a_ba01_16
0.01
0.01
0.01
0
2.35619
0
-14.4014
0.7
0.39027
SM_FLstone_a_ba01_17
0.01
0.01
0.01
0
2.35619
0
-14.4831
0.7
6.10813
SM_FLstone_a_ba01_18
0.01
0.01
0.01
0
2.35619
0
-17.1507
0.7
-2.26125
SM_FLstone_a_ba01_19
0.01
0.01
0.01
0
2.35619
0
-17.1121
0.772071
3.18919
SM_FLstone_a_ba01_2
0.01
0.01
0.01
0
0.785398
0
-2.8
0
-2.8
SM_FLstone_a_ba01_20
0.01
0.01
0.01
0
0.785398
0
-11.7
0.7
-8.06
SM_FLstone_a_ba01_21
0.01
0.01
0.01
0
0
0
-7.71353
0.073191
-6.91136
SM_FLstone_a_ba01_22
0.01
0.01
0.01
0
0.785398
0
-2.8
0
-8.4
SM_FLstone_a_ba01_23
0.01
0.01
0.01
0
0.785398
0
0
0
-5.6
SM_FLstone_a_ba01_24
0.01
0.01
0.01
0
0.785398
0
-8.52315
0.7
-10.44
SM_FLstone_a_ba01_3
0.01
0.01
0.01
0
0.785398
0
-5.6
0.009755
5.6
SM_FLstone_a_ba01_4
0.01
0.01
0.01
0
2.35619
0
0
0
5.6
SM_FLstone_a_ba01_5
0.01
0.01
0.01
0
0.785398
0
-2.8
0.009434
8.4
SM_FLstone_a_ba01_6
0.01
0.01
0.01
0
0.785398
0
-5.6
0
0
SM_FLstone_a_ba01_7
0.01
0.01
0.01
0
0.785398
0
-8.9
0.7
-5.2
SM_FLstone_a_ba01_8
0.01
0.01
0.01
0
0.785398
0
-5.2
0
-5.2
SM_FLstone_a_ba01_9
0.01
0.01
0.01
0
0.785398
0
-8.9
0.7
5.8
SM_FLstone_b_ba01_1
0.01
0.01
0.01
0
2.35619
0
-6
0.7
-2.44245
SM_FLstone_b_ba01_2
0.01
0.01
0.01
0
2.35619
0
-6
0.7
3.13835
SM_FLstone_b_ba01_3
0.01
0.01
0.01
0
2.35619
0
-6.1
0.7
-8
SM_HammerBeam_ba01_0
0.01
0.01
0.01
0
-734244
0
-15.4101
5.8
-3.89969
SM_HammerBeam_ba01_1
0.01
0.01
0.01
0
-230.183
0
-13.8699
5.8
-5.90902
SM_HammerBeam_ba01_10
0.01
0.01
0.01
0
1.6
0
-7.33055
5.8
-8.46692
SM_HammerBeam_ba01_11
0.01
0.01
0.01
0
1.5708
0
-4.3798
6.2856
-8.52299
SM_HammerBeam_ba01_12
0.01
0.01
0.01
0
4.71239
0
-4.512
5.8
6.52804
SM_HammerBeam_ba01_2
0.01
0.01
0.01
0
-3.2
0
-15.6028
5.8
-1.53763
SM_HammerBeam_ba01_3
0.01
0.01
0.01
0
-2.9
0
-15.8862
5.8
0.854213
SM_HammerBeam_ba01_4
0.01
0.01
0.01
0
-2.5
0
-14.8081
5.8
2.96271
SM_HammerBeam_ba01_5
0.01
0.01
0.01
0
-2.2
0
-13.2867
5.8
4.97656
SM_HammerBeam_ba01_6
0.01
0.01
0.01
0
-1.8
0
-10.7821
5.8
6.36567
SM_HammerBeam_ba01_7
0.01
0.01
0.01
0
-1.5
0
-7.90978
5.8
6.55112
SM_HammerBeam_ba01_8
0.01
0.01
0.01
0
2
0
-11.8927
5.8
-7.40448
SM_HammerBeam_ba01_9
0.01
0.01
0.01
0
1.8
0
-9.73347
5.8
-8.04562
SM_MapFrame_ba01_0
0.01
0.01
0.01
0
0
0
-9.68153
0.8
5.60181
SM_Map_A_ba01_0
0.01
0.01
0.01
0
0
0
-9.7
0.8
5.6
SM_Map_side_ba01_0
0.01
0.01
0.01
0
0
0
-9.6962
0.8
5.59
SM_Molding_a3m_ba01_1
0.01
0.01
0.01
0
1.5708
0
-7.7
2.7
-8.5
SM_Molding_a3m_ba01_10
0.01
0.01
0.01
0
-2.8
0
-15.3278
2.7
2.90273
SM_Molding_a3m_ba01_11
0.01
0.01
0.01
0
-2.5
0
-13.8417
2.7
4.88404
SM_Molding_a3m_ba01_12
0.01
0.01
0.01
0
-2.2
0
-11.8443
2.7
6.28489
SM_Molding_a3m_ba01_13
0.01
0.01
0.01
0
-1.9
0
-9.5491
2.7
7.04886
SM_Molding_a3m_ba01_14
0.01
0.01
0.01
0
-1.6
0
-6.80955
2.7
6.91873
SM_Molding_a3m_ba01_15
0.01
0.01
0.01
0
-1.6
0
-4.66063
2.7
6.94101
SM_Molding_a3m_ba01_16
0.01
0.01
0.01
0
-217.424
0
-15.2547
7.81797
-3.7266
SM_Molding_a3m_ba01_18
0.01
0.01
0.01
0
159.928
0
-15.938
7.80583
-1.23373
SM_Molding_a3m_ba01_19
0.01
0.01
0.01
0
-3.1
0
-15.6824
7.8
1.13812
SM_Molding_a3m_ba01_2
0.01
0.01
0.01
0
1.5708
0
-9.76774
2.7
-8.54178
SM_Molding_a3m_ba01_20
0.01
0.01
0.01
0
10289
0
-14.9315
7.8
3.08559
SM_Molding_a3m_ba01_21
0.01
0.01
0.01
0
-140.639
0
-12.8884
7.8
5.15127
SM_Molding_a3m_ba01_22
0.01
0.01
0.01
0
-236.613
0
-13.5563
7.8
-6.02451
SM_Molding_a3m_ba01_23
0.01
0.01
0.01
0
1.9
0
-11.8619
7.8
-7.33062
SM_Molding_a3m_ba01_24
0.01
0.01
0.01
0
1.5708
0
-7.10419
7.79133
-8.51463
SM_Molding_a3m_ba01_25
0.01
0.01
0.01
0
1.7
0
-9.50449
7.9
-8.15887
SM_Molding_a3m_ba01_26
0.01
0.01
0.01
0
4.2
0
-10.447
7.8
6.41183
SM_Molding_a3m_ba01_27
0.01
0.01
0.01
0
4.71239
0
-4.79326
7.8
6.77884
SM_Molding_a3m_ba01_28
0.01
0.01
0.01
0
-1.7
0
-7.97921
7.8
6.78095
SM_Molding_a3m_ba01_29
0.02
0.014
0.015
0
1.5708
0
-8.5
9.7
-5
SM_Molding_a3m_ba01_30
0.02
0.014
0.015
0
4.71239
0
-4
9.7
3.94306
SM_Molding_a3m_ba01_4
0.01
0.01
0.01
0
2.2
0
-14.0885
2.7
-6.24672
SM_Molding_a3m_ba01_5
0.01
0.01
0.01
0
-4.4
0
-12.4405
2.7
-7.65779
SM_Molding_a3m_ba01_6
0.01
0.01
0.01
0
-3.8
0
-15.6465
2.7
-4.19722
SM_Molding_a3m_ba01_7
0.01
0.01
0.01
0
90.8
0
-16.236
2.7
-2.01668
SM_Molding_a3m_ba01_8
0.01
0.01
0.01
0
-3.1
0
-16.1903
2.7
0.787228
SM_Molding_r_ba01_0
0.01
0.01
0.01
0
4.71239
0
-8.80894
9.67157
-0.54204
SM_Pillar_ba01_0
0.01
0.01
0.01
0
0
0
-7.2735
0
-8.20789
SM_Pillar_ba01_1
0.01
0.01
0.01
0
0.1
0
-9.78497
0
-8.28179
SM_Pillar_ba01_10
0.01
0.01
0.01
0
-12.9592
0
-10.7876
0
6.25215
SM_Pillar_ba01_11
0.01
0.01
0.01
0
0
0
-7.91603
0
6.49484
SM_Pillar_ba01_2
0.01
0.01
0.01
0
0.6
0
-11.9608
0
-7.3777
SM_Pillar_ba01_3
0.01
0.01
0.01
0
50.9662
0
-13.8476
0
-5.88768
SM_Pillar_ba01_4
0.01
0.01
0.01
0
-2
0
-15.221
0
-3.78414
SM_Pillar_ba01_5
0.01
0.01
0.01
0
-1.7
0
-15.8235
0
-1.62335
SM_Pillar_ba01_6
0.01
0.01
0.01
0
1.8
0
-15.8361
0
0.837178
SM_Pillar_ba01_7
0.01
0.01
0.01
0
121.621
0
-14.7902
0
2.91868
SM_Pillar_ba01_8
0.01
0.01
0.01
0
-44.5366
0
-13.2592
0
4.94185
SM_StepStone_ba01_0
0.01
0.01
0.01
0
-1.5708
0
-6
0
2
SM_StepStone_ba01_1
0.01
0.01
0.01
0
-1.5708
0
-6
0
-0.946987
SM_StepStone_ba01_2
0.01
0.01
0.01
0
-1.5708
0
-6
0
5
SM_StepStone_ba01_3
0.01
0.01
0.01
0
-1.5708
0
-6
0
-3.9118
SM_StepStone_ba01_4
0.01
0.01
0.01
0
-1.5708
0
-6
0
-6.84837
SM_Wallin_ba01_0
0.01
0.01
0.01
0
1.5708
0
-6
0
7
SM_Wallin_ba01_1
0.01
0.01
0.01
0
1.5708
0
-8.39999
0
7
SM_Wallin_ba01_10
0.01
0.01
0.01
0
-1.25664
0
-10.8891
0
-8.28285
SM_Wallin_ba01_11
0.01
0.01
0.01
0
1.5708
0
-8.46065
0
-8.6618
SM_Wallin_ba01_12
0.01
0.01
0.01
0
-0.942478
0
-13.0907
0
-7.09636
SM_Wallin_ba01_13
0.01
0.01
0.01
0
1.5708
0
-6.03611
0
-8.63008
SM_Wallin_ba01_2
0.01
0.01
0.01
0
1.25664
0
-10.8554
0
6.65362
SM_Wallin_ba01_3
0.01
0.01
0.01
0
0.942478
0
-13.0092
0
5.46907
SM_Wallin_ba01_4
0.01
0.01
0.01
0
0.628319
0
-14.769
0
3.7348
SM_Wallin_ba01_5
0.01
0.01
0.01
0
0.314159
0
-15.9003
0
1.57386
SM_Wallin_ba01_6
0.01
0.01
0.01
0
0
0
-16.2424
0
-0.849975
SM_Wallin_ba01_7
0.01
0.01
0.01
0
-0.314159
0
-15.8911
0
-3.24783
SM_Wallin_ba01_8
0.01
0.01
0.01
0
-0.628319
0
-14.8249
0
-5.41416
SM_WinWall_ba01_0
0.01
0.01
0.01
0
1.5708
0
-5.95265
3.2
-8.61365
SM_WinWall_ba01_1
0.01
0.01
0.01
0
-1.5
0
-8.65052
3.17147
-8.39956
SM_WinWall_ba01_11
0.01
0.01
0.01
0
61.1254
0
-9.3487
3.2
6.58019
SM_WinWall_ba01_12
0.01
0.01
0.01
0
-1.6
0
-6.30455
3.09062
6.71841
SM_WinWall_ba01_2
0.01
0.01
0.01
0
-1.2
0
-10.8468
3.19882
-7.85203
SM_WinWall_ba01_3
0.01
0.01
0.01
0
-0.9
0
-12.8576
3.10083
-6.66783
SM_WinWall_ba01_4
0.01
0.01
0.01
0
-0.6
0
-14.6991
3.07773
-4.88928
SM_WinWall_ba01_5
0.01
0.01
0.01
0
-0.3
0
-15.6901
3.06735
-2.7955
SM_WinWall_ba01_6
0.01
0.01
0.01
0
6.32958
0
-16.0645
3.184
-0.413697
SM_WinWall_ba01_7
0.01
0.01
0.01
0
0.4
0
-15.508
3.08442
1.9665
SM_WinWall_ba01_8
0.01
0.01
0.01
0
0.7
0
-14.1425
3.09955
4.02497
SM_WinWall_ba01_9
0.01
0.01
0.01
0
3299.79
0
-12.0859
3.19759
5.70846
